3581093
3865810
3845819
3865028
3775921
3858300
3655199
3000058
3172058
3565622
3547541
8134031
8123213
8034134
8465453
8111343
8433221
8900931
8343331
8000031
8327777
0436473
0646283
0227439
0003434
0272722
0884431
0834343
0999925
0221122
0343355
0628421
0993142
0384374
7245303
7434300
7351343
7438213
7888831
7777323
7090345
7230534
7943424
7334313
7434013
7992345
2439393
2058492
2754383
2945833
2112234
2911198
2344341
2220435
2991152
6393253
6192843
6938132
6343205
6777391
6340098
6123994
6881324
6074304
6343234
6431889
6230343
5823923
5838213
5087392
5266329
5402464
5213223
5989234
5777323
5007687
5342931
4892311
4430991
4477222
4462981
1123484
1955329
1002438
1243035
1157300
1003485
1244006
1236400
1838495

